0 0.05957025 0.47383299009900987 0.007812999999999994 0.02121700000000003
0 0.093750125 0.54031099009901 0.005858999999999989 0.01980199999999995
0 0.1025389375 0.5205089900990099 0.013672000000000004 0.01980200000000011
0 0.12597625 0.5205097086280057 0.008789000000000005 0.012729000000000042
0 0.130859375 0.4200848444130128 0.011719000000000007 0.025459999999999858
0 0.16601525 0.5106081357850071 0.007812999999999987 0.015558999999999963
0 0.16601525 0.5615272715700141 0.007812999999999987 0.028289000000000133
0 0.16894537499999998 0.3422912715700141 0.012695000000000012 0.029703000000000045
0 0.192382375 0.3889674172560113 0.011719000000000007 0.024045000000000018
0 0.2353519375 0.4625176987270156 0.014647999999999994 0.03394599999999999
0 0.26660168749999996 0.42432841725601134 0.007812000000000041 0.022630999999999905
0 0.2792968125 0.5106079900990099 0.009766000000000052 0.02121699999999995
0 0.2900395 0.45261627157001416 0.016601000000000032 0.02828899999999997
