0 0.012734375 0.5205717702503682 0.0125 0.016036999999999975
0 0.0565625 0.528003262150221 0.015625 0.011320999999999918
0 0.102109375 0.5209850162002945 0.011874999999999997 0.014151000000000049
0 0.4146875 0.4093771104565538 0.54875 0.26415099999999997
0 0.1562890625 0.36732752430044185 0.018125000000000002 0.01981099999999997
0 0.1781640625 0.34132577025036814 0.018125000000000002 0.01698100000000005
0 0.2000390625 0.3337787702503682 0.018125000000000002 0.01698099999999997
0 0.2105859375 0.45819226215022085 0.014375000000000027 0.011320000000000016
0 0.2146875 0.3337787702503682 0.017499999999999988 0.015094000000000012
0 0.2359375 0.33389427835051544 0.016875 0.021698000000000012
0 0.2480859375 0.5199265081001473 0.013750000000000012 0.00849100000000004
0 0.2582421875 0.32676152430044186 0.021874999999999978 0.019811000000000013
0 0.2721875 0.3060065243004418 0.016249999999999987 0.01886800000000001
0 0.2751171875 0.42139926215022094 0.021874999999999978 0.011321000000000003
0 0.2821875 0.37623177025036814 0.01687500000000003 0.015094000000000012
0 0.2993359375 0.30453377025036815 0.01375000000000004 0.015094000000000012
0 0.3181640625 0.29509977025036815 0.01874999999999999 0.01698100000000005
0 0.3284375 0.5201575243004418 0.01687500000000003 0.01981099999999997
0 0.3309375 0.3866087702503682 0.015625 0.01698100000000001
0 0.3324609375 0.4596650162002945 0.014375000000000027 0.013207000000000097
0 0.3369140625 0.2940412621502209 0.018125000000000002 0.009434000000000005
0 0.3553125 0.30075977025036815 0.015625 0.015094999999999957
0 0.3837109375 0.320273032400589 0.014374999999999971 0.02547100000000002
0 0.4005859375 0.32634727835051547 0.013749999999999984 0.021698000000000054
0 0.4065625 0.34509977025036825 0.015625 0.01698099999999997
0 0.4090625 0.37581752430044185 0.015625 0.018867999999999968
0 0.4100390625 0.5134380162002946 0.018125000000000002 0.014150999999999964
0 0.4296875 0.32676152430044186 0.016874999999999973 0.019811000000000013
0 0.4480859375 0.4592507702503682 0.015000000000000013 0.01698100000000001
0 0.450859375 0.3724577702503682 0.012500000000000011 0.015094999999999957
0 0.4721875 0.36544052430044177 0.016250000000000042 0.017924000000000058
0 0.5030859375000001 0.3864932621502209 0.014999999999999958 0.011321000000000003
0 0.5259375 0.47287201620029456 0.01750000000000007 0.01415099999999988
0 0.539140625 0.3856657702503682 0.020625000000000004 0.015094000000000012
0 0.5493359375 0.42139926215022094 0.015000000000000013 0.011321000000000003
0 0.5668359375 0.4308332621502209 0.014374999999999916 0.009434000000000005
0 0.5784375 0.4243447702503682 0.01749999999999996 0.015093999999999929
0 0.582734375 0.4455140162002945 0.013124999999999942 0.014150999999999964
0 0.599765625 0.4743447702503682 0.020000000000000018 0.016037999999999962
0 0.5993359375 0.4379660162002945 0.013749999999999929 0.014151000000000049
0 0.6140625 0.44321277025036815 0.015625 0.016038000000000045
0 0.6242578125 0.4506442621502209 0.011249999999999982 0.009434000000000005
0 0.6767578125 0.46343801620029457 0.011249999999999982 0.013208000000000001
