1 0.059765625 0.6703691395348836 0.08312499999999999 0.46517400000000014
1 0.1569921875 0.654922984496124 0.11687499999999999 0.504975
1 0.2734375 0.6287167364341084 0.078125 0.5721390000000001
1 0.3410546875 0.6377989224806201 0.06937499999999996 0.5248759999999999
1 0.4052734375 0.6527249224806202 0.06125000000000003 0.5248750000000001
1 0.526484375 0.6289479534883721 0.07499999999999996 0.514926
1 0.6240625 0.6239152325581395 0.078125 0.44278599999999996
1 0.701796875 0.6056921395348838 0.09125000000000005 0.46766199999999986
1 0.8088671875 0.5896103875968992 0.08500000000000008 0.4079599999999999
1 0.920625 0.5602218217054264 0.12687499999999996 0.30099500000000007
