1 0.0712890625 0.8001082352941176 0.14375 0.3935970000000001
1 0.1664453125 0.5121 0.08875 0.35028199999999987
1 0.2534765625 0.37335464705882354 0.06624999999999998 0.24105500000000002
1 0.3098828125 0.7513765882352941 0.07374999999999998 0.404896
1 0.3665625 0.4101948235294118 0.07999999999999996 0.24670399999999998
1 0.422734375 0.9043230588235295 0.16874999999999996 0.1864409999999999
1 0.4975 0.46408858823529414 0.06250000000000006 0.305084
1 0.574765625 0.5240970588235294 0.08250000000000002 0.38606399999999996
1 0.707578125 0.7688435882352942 0.28625 0.455744
1 0.6355859375 0.3643510588235294 0.07750000000000001 0.23728800000000005
