0 0.028749999999999998 0.5115621666666667 0.0325 0.03750000000000009
0 0.0558984375 0.44869825 0.029999999999999992 0.04166599999999998
0 0.0662109375 0.7472395833333333 0.045625 0.051666999999999984
0 0.307421875 0.6667190833333333 0.08999999999999997 0.06750000000000005
0 0.2997265625 0.5126559166666667 0.03375 0.030834000000000028
0 0.335234375 0.4927600833333334 0.04437500000000005 0.03416699999999998
0 0.353359375 0.3755208333333333 0.013124999999999998 0.027500000000000007
0 0.42546875 0.4138024166666667 0.02437499999999998 0.04666599999999995
0 0.4426953125 0.38869825 0.026249999999999996 0.03916599999999996
0 0.4998828125 0.21140625 0.011249999999999982 0.010000000000000009
0 0.522578125 0.45932291666666664 0.036250000000000004 0.030833000000000037
0 0.534296875 0.4833333333333334 0.028749999999999942 0.04249999999999998
0 0.5960546875 0.49869825000000007 0.03874999999999995 0.041665999999999905
0 0.750625 0.5665621666666666 0.0625 0.03750000000000009
