0 0.055429687500000005 0.8901041666666666 0.06874999999999999 0.13083300000000012
0 0.0283203125 0.9526038333333333 0.0575 0.09083400000000008
0 0.1396484375 0.9071354166666667 0.12437500000000001 0.17166699999999993
0 0.2242578125 0.8359371666666666 0.104375 0.13249999999999998
0 0.565234375 0.8701041666666667 0.54375 0.25666700000000003
0 0.36140625 0.81307325 0.13437500000000002 0.134166
0 0.363125 0.800625 0.12625000000000003 0.1566670000000001
0 0.6176171875 0.41869825 0.17874999999999996 0.16500000000000004
0 0.63140625 0.3898955 0.13437500000000002 0.203334
0 0.9119140625 0.9114065833333332 0.17437500000000006 0.17500000000000013
