0 0.5581330131771596 0.496772625 0.29783099999999996 0.239473
0 0.4138925783308931 0.4705485625 0.536489 0.534211
0 0.2523065402635432 0.43019093750000004 0.12623300000000004 0.07763199999999998
0 0.2536871903367496 0.5071858124999999 0.05128200000000006 0.07368400000000003
0 0.29396947877013174 0.7418689375 0.080868 0.10921000000000003
0 0.30389196339677893 0.48104425 0.06903400000000003 0.102632
0 0.37121889604685215 0.7240025625000001 0.11242599999999991 0.12763199999999997
0 0.4337290497803807 0.7446241874999999 0.22879600000000003 0.08421000000000012
0 0.4193067057101025 0.652816875 0.06311700000000005 0.09078900000000001
0 0.5194368228404099 0.6537213749999999 0.24654799999999993 0.16973700000000003
0 0.5104236076134699 0.66813275 0.08481300000000008 0.05526399999999987
0 0.7392810922401172 0.6397925624999999 0.0710059999999999 0.12763100000000005
