0 0.4990234375 0.4986979166666667 0.99875 0.998333
0 0.021875 0.04411458333333334 0.03125 0.02
0 0.023671875000000002 0.06953125 0.027499999999999997 0.04
0 0.139765625 0.01171875 0.01999999999999999 0.025000000000000005
0 0.2326953125 0.23838575000000004 0.026249999999999996 0.024999999999999984
0 0.25406249999999997 0.027292 0.017499999999999988 0.033333
0 0.26796875 0.28286425 0.02375000000000005 0.040000000000000036
0 0.318515625 0.06468783333333333 0.019999999999999962 0.026666000000000006
0 0.4146484375 0.113958 0.02999999999999997 0.03333400000000001
0 0.4687890625 0.54734375 0.01874999999999999 0.05499999999999994
0 0.502421875 0.07635383333333333 0.02749999999999997 0.028333999999999998
0 0.539921875 0.12822916666666667 0.02749999999999997 0.036667000000000026
0 0.586171875 0.19322916666666665 0.02749999999999997 0.03833300000000003
0 0.598125 0.04953125 0.03249999999999997 0.04000000000000001
0 0.62421875 0.16229200000000002 0.02499999999999991 0.03166599999999997
