1 0.262370125 0.505019734939759 0.06770799999999999 0.21686799999999995
1 0.340494875 0.6285137831325301 0.12174499999999999 0.223896
1 0.3395180625 0.4593372289156627 0.080729 0.1546189999999999
1 0.377604375 0.3398589879518072 0.04361999999999999 0.12449800000000001
1 0.3841145 0.2831329156626506 0.04882799999999998 0.11546100000000002
1 0.4169919375 0.6234941204819276 0.10807299999999997 0.26706799999999997
1 0.43099 0.2996983253012048 0.0625 0.167671
1 0.5777995625 0.23343374698795177 0.03450500000000001 0.09538200000000004
1 0.6061194999999999 0.24196781927710842 0.04752600000000007 0.10241
1 0.6455078125 0.22791162650602412 0.04101599999999994 0.08132500000000005
1 0.727865 0.19427760240963854 0.03125 0.07730900000000002
1 0.7529294375000001 0.18975867469879518 0.030598999999999932 0.08634600000000002
