0 0.0730859375 0.5470135555555555 0.10874999999999999 0.26777799999999996
0 0.193046875 0.496666888888889 0.09125 0.2799999999999999
0 0.2557421875 0.6120136666666667 0.05375000000000002 0.24111099999999996
0 0.2909765625 0.5208336666666666 0.06625000000000003 0.21000000000000002
0 0.3918359375 0.5915975555555556 0.10749999999999998 0.332222
0 0.460546875 0.6300691111111111 0.15374999999999994 0.25555600000000006
0 0.4309375 0.5460414444444445 0.07937500000000003 0.10888899999999986
0 0.5519921875 0.5525697777777778 0.08437499999999998 0.21222200000000008
0 0.534375 0.5718056666666667 0.03312499999999996 0.14777799999999994
0 0.614296875 0.7273614444444445 0.15375000000000005 0.20444400000000001
0 0.6416796875 0.5672217777777777 0.10124999999999995 0.30555599999999994
0 0.70390625 0.581180888888889 0.10250000000000004 0.31111099999999986
0 0.7087890625 0.5827779999999999 0.08187500000000003 0.2511110000000001
0 0.766796875 0.5861107777777778 0.059374999999999956 0.306667
0 0.872109375 0.6179863333333333 0.07562500000000005 0.262222
0 0.9410546875 0.5993752222222222 0.06937499999999996 0.16555500000000004
