0 0.5538623125 0.5202151428571429 0.151333 0.28826
0 0.025390625 0.8960956205837174 0.052667 0.14570300000000005
0 0.05553125 0.7489108003072197 0.04 0.18238999999999989
0 0.105692375 0.6516246850998463 0.137334 0.21069200000000013
0 0.151390625 0.5748872749615975 0.05266700000000002 0.2274630000000001
0 0.259296875 0.5462613087557604 0.05999999999999997 0.16666699999999995
0 0.3506328125 0.8445162104454684 0.19866699999999998 0.1656179999999999
0 0.3246689375 0.5572846850998464 0.14 0.20964400000000002
0 0.35669825 0.4301995222734255 0.16600000000000004 0.14150899999999994
0 0.3861904375 0.9297114239631338 0.124666 0.13836499999999996
0 0.8043359375 0.8776776682027649 0.38933300000000004 0.24109
0 0.69496875 0.5848278986175115 0.087333 0.18448700000000004
0 0.7442841875 0.5868520952380953 0.11666599999999994 0.19077599999999992
0 0.775390625 0.641813440860215 0.05266700000000002 0.10901499999999995
0 0.7757939375 0.6871048509984639 0.046667000000000014 0.08909800000000015
0 0.8521220625 0.625279376344086 0.019333999999999962 0.045073000000000044
0 0.91907325 0.6160770138248848 0.13466600000000006 0.15932899999999994
0 0.926828125 0.5856399631336405 0.09866699999999995 0.2515720000000001
