0 0.0353515625 0.008771929824561403 0.06625 0.019663
0 0.2361328125 0.7026573450292397 0.35375 0.1647950000000002
0 0.1691015625 0.22337232163742693 0.16 0.170412
0 0.2572265625 0.8078223801169592 0.31562500000000004 0.15730299999999994
0 0.17640625 0.05813460233918129 0.07187500000000002 0.101124
0 0.3479296875 0.1843423567251462 0.16375 0.16104800000000002
0 0.3900390625 0.33896752046783624 0.23812500000000003 0.12078700000000006
0 0.3325 0.038011695906432746 0.06312499999999999 0.076779
0 0.4817578125 0.6390534269005849 0.29187500000000005 0.14606699999999992
0 0.4088671875 0.1175336140350877 0.08437499999999998 0.09831499999999999
0 0.482578125 0.2725212280701754 0.13062499999999994 0.19569300000000006
0 0.54171875 0.11171936842105264 0.08687499999999992 0.159176
0 0.651484375 0.7080952865497077 0.29374999999999996 0.18071099999999987
0 0.604765625 0.04532163742690058 0.05125000000000002 0.092697
0 0.7973828125 0.8616694736842105 0.2925 0.13389499999999993
0 0.7146875 0.03508771929824561 0.11062499999999997 0.071161
