0 0.7696875 0.6534436325036603 0.265625 0.19699799999999995
0 0.0419921875 0.7812598653001465 0.085625 0.08911800000000016
0 0.1115625 0.734424963396779 0.04875 0.06754299999999991
0 0.14753906249999998 0.8341787979502195 0.11312499999999999 0.13320800000000008
0 0.18992187500000002 0.5823512093704246 0.15249999999999997 0.25609699999999996
0 0.3121484375 0.33634469399707173 0.12312500000000004 0.24577800000000005
0 0.3716796875 0.1493411420204978 0.16249999999999998 0.29925
0 0.40953125 0.4374561171303074 0.10249999999999998 0.1848029999999999
0 0.70546875 0.4788713133235725 0.11812500000000004 0.1444659999999999
0 0.8644140625 0.6155164787701319 0.050000000000000044 0.0806749999999999
0 0.94640625 0.48322054026354316 0.10250000000000004 0.12851800000000013
