0 0.010218978102189781 0.6171875 0.021475 0.01749999999999996
0 0.013138686131386862 0.5933203125 0.027076999999999997 0.02562500000000001
0 0.01395397810218978 0.215390625 0.020541 0.020625000000000004
0 0.03758541605839416 0.6812109375 0.013072000000000004 0.01375000000000004
0 0.06664912408759123 0.6674609375 0.019608 0.013749999999999929
0 0.0771565401459854 0.674140625 0.030813000000000007 0.020625000000000004
0 0.09501624817518248 0.5362890625 0.03641399999999998 0.018750000000000044
0 0.09611997810218978 0.5696875 0.023343000000000013 0.015625
0 0.11094027007299272 0.6299609375 0.014939999999999967 0.013749999999999929
0 0.11572797810218977 0.6524609375 0.02054100000000001 0.015000000000000013
0 0.12121127007299268 0.5873828125 0.01587300000000001 0.010624999999999996
0 0.16066468613138685 0.6019921875 0.028011000000000015 0.021874999999999978
0 0.1988279781021898 0.6049609375 0.022408999999999964 0.013749999999999929
0 0.20909897810218978 0.589140625 0.022409000000000005 0.020000000000000018
0 0.247736102189781 0.146484375 0.03828200000000002 0.043125
0 0.2536275401459854 0.6294921875 0.03081200000000001 0.021874999999999978
0 0.2741695401459854 0.6000390625 0.03081200000000001 0.018749999999999933
0 0.27218283211678834 0.45671875 0.025209999999999937 0.023749999999999993
0 0.30060197810218975 0.6613671875 0.02054099999999999 0.022499999999999964
0 0.3075451240875912 0.4794140625 0.017741000000000024 0.01874999999999999
0 0.3228402481751825 0.502421875 0.03641500000000001 0.02749999999999997
0 0.3217885401459854 0.2845703125 0.03081200000000001 0.02562500000000001
0 0.37378710218978106 0.4322265625 0.04014899999999994 0.03437499999999999
0 0.3711558321167883 0.598984375 0.025210000000000062 0.013124999999999942
0 0.3830574160583942 0.477109375 0.013070999999999946 0.012500000000000011
0 0.3893039781021898 0.25492187499999996 0.023343000000000013 0.027499999999999997
0 0.4051769781021898 0.4330859375 0.023343000000000096 0.013749999999999984
0 0.419419394160584 0.364296875 0.032679999999999945 0.02749999999999997
0 0.4413692262773722 0.42515625 0.05602300000000012 0.04062499999999997
0 0.43026827007299273 0.6848046875 0.014940000000000009 0.0068749999999999645
0 0.47556110218978104 0.359375 0.03828199999999989 0.03249999999999997
0 0.4770719781021897 0.643359375 0.022409000000000005 0.01187500000000008
0 0.48466068613138696 0.6909375 0.028010999999999953 0.015625
0 0.4860018321167883 0.602890625 0.025210000000000062 0.020000000000000018
0 0.5097519781021899 0.4937890625 0.02334299999999993 0.018750000000000044
0 0.5124342700729927 0.5074609375 0.014940000000000009 0.01375000000000004
0 0.5138941240875913 0.3778125 0.017740999999999982 0.017500000000000016
0 0.5182736861313868 0.622734375 0.028012000000000085 0.01187500000000008
0 0.5200229781021899 0.6049609375 0.023343000000000013 0.015000000000000013
0 0.5213641240875911 0.6880078125 0.017740000000000016 0.010624999999999996
0 0.5600169124087591 0.31578125 0.084034 0.07187499999999997
0 0.5631073503649634 0.2182421875 0.07469600000000001 0.05437500000000001
0 0.561343394160584 0.3776953125 0.03361299999999982 0.02562500000000001
0 0.5596461240875913 0.5300390625 0.017740000000000016 0.018750000000000044
0 0.5657749781021899 0.4428125 0.02054099999999991 0.015625
0 0.5641964160583941 0.64828125 0.013071999999999993 0.008124999999999938
0 0.5684572700729927 0.5765625 0.014938999999999961 0.01750000000000007
0 0.5804245401459854 0.5194140625 0.030812999999999976 0.018750000000000044
0 0.5904581240875911 0.5440625 0.01960800000000003 0.015625
0 0.5937859781021898 0.620859375 0.023341999999999967 0.011874999999999969
0 0.6067392700729927 0.6237109375 0.014939000000000043 0.01375000000000004
0 0.6200476861313868 0.5064453125 0.028012000000000002 0.02562500000000001
0 0.6660371021897811 0.357578125 0.03828199999999989 0.03624999999999995
0 0.6571592700729927 0.5793359375 0.01587300000000005 0.01375000000000004
0 0.6924695401459854 0.522421875 0.03081199999999993 0.028749999999999942
0 0.7114329781021898 0.4426171875 0.023343000000000013 0.021874999999999978
0 0.7161009781021899 0.4856640625 0.023343000000000013 0.01874999999999999
0 0.7438235401459854 0.5237109375 0.030811999999999846 0.01375000000000004
0 0.7435861240875913 0.547890625 0.019608000000000115 0.020625000000000004
0 0.7511748321167883 0.3825390625 0.02520999999999998 0.01874999999999999
0 0.763023394160584 0.4427734375 0.033614000000000116 0.02937500000000004
0 0.7689148321167883 0.6596875 0.025209999999999896 0.015625
0 0.7833279781021898 0.3618359375 0.02240900000000009 0.01375000000000004
0 0.7864184160583942 0.4161328125 0.012137999999999986 0.010000000000000009
0 0.7896265620437956 0.49390625 0.010271000000000103 0.008124999999999993
0 0.8058556861313869 0.4921875 0.02801099999999987 0.01749999999999996
0 0.8259375182481752 0.5303515625 0.050420999999999924 0.03437499999999993
0 0.8115097080291971 0.5992578125 0.007469999999999963 0.010624999999999996
0 0.8231885401459854 0.457734375 0.030812000000000176 0.012499999999999956
0 0.8176385620437957 0.4804296875 0.010269999999999972 0.00687500000000002
0 0.8553573503649634 0.10125 0.07376300000000013 0.06312499999999999
0 0.8353265401459854 0.4949609375 0.030812999999999976 0.015000000000000069
0 0.8468199781021898 0.42890625 0.02240900000000009 0.008124999999999993
0 0.8541712700729926 0.5649609375 0.014939000000000126 0.01375000000000004
0 0.8570909781021897 0.5148828125 0.02054200000000004 0.010624999999999996
0 0.8706888321167884 0.4277734375 0.026143999999999987 0.030624999999999958
0 0.8794999781021898 0.6154296875 0.020541999999999873 0.0068749999999999645
0 0.8824196861313869 0.5119140625 0.02801099999999987 0.01937499999999992
0 0.8837608321167884 0.53265625 0.025209999999999896 0.008749999999999925
0 0.8864431240875912 0.5660546875 0.01960799999999995 0.0068749999999999645
0 0.9010936861313867 0.4339453125 0.028011000000000036 0.02562500000000001
0 0.9233319562043796 0.6546875 0.04295099999999996 0.015625
0 0.9192418321167881 0.4231640625 0.026144000000000153 0.01874999999999999
0 0.9336029562043795 0.375546875 0.04108300000000011 0.028749999999999998
0 0.9368121021897812 0.344296875 0.03828199999999981 0.027500000000000024
0 0.9411916642335767 0.305703125 0.048553000000000075 0.03562499999999996
0 0.9337736861313868 0.448515625 0.028011000000000036 0.020000000000000018
0 0.9356406861313868 0.184921875 0.028012000000000002 0.027499999999999997
0 0.9851276861313868 0.6408203125 0.02707700000000011 0.02562500000000001
0 0.9941085620437957 0.32453125 0.009337000000000012 0.03937499999999999
0 0.9941085620437957 0.587578125 0.009337000000000012 0.0050000000000000044
0 0.9958578540145986 0.281328125 0.004668000000000024 0.005624999999999991
