0 0.0537890625 0.32630404639804644 0.080625 0.09460500000000002
0 0.12953125 0.34350504639804647 0.07062500000000001 0.09460500000000002
0 0.2235546875 0.3835830317460318 0.06875 0.06567700000000001
0 0.2760546875 0.4522910293040293 0.06874999999999998 0.06020299999999995
0 0.316484375 0.4099740268620269 0.044375 0.05473
0 0.424921875 0.4360640341880342 0.05874999999999997 0.06880400000000009
0 0.451328125 0.4559000415140415 0.03624999999999995 0.08365899999999996
0 0.5192578125 0.47233002197802204 0.04125000000000001 0.04612999999999991
0 0.5435546875 0.5168420305250305 0.06874999999999998 0.06333099999999986
0 0.5710546875 0.48366203174603173 0.038124999999999964 0.06489400000000001
0 0.5998046875 0.4956360280830281 0.038124999999999964 0.05629400000000006
0 0.6362109375 0.5064850256410256 0.04562500000000003 0.053167000000000054
0 0.671015625 0.520216026862027 0.05249999999999999 0.05473
0 0.7638671875 0.5470460231990233 0.053749999999999964 0.04847499999999995
0 0.860625 0.580227021978022 0.03125 0.04456599999999999
0 0.9133984375 0.5979630256410257 0.029999999999999916 0.05160299999999993
0 0.97578125 0.6246430280830282 0.039999999999999925 0.05629399999999999
