1 0.1257421875 0.6346416156299841 0.023124999999999993 0.07653099999999992
1 0.25894531249999997 0.5877716826156301 0.08875000000000002 0.10510199999999992
1 0.318671875 0.553130066985646 0.02812500000000001 0.02959099999999993
1 0.3477734375 0.5478992743221691 0.029374999999999984 0.02346899999999989
1 0.3608203125 0.5697136523125997 0.026874999999999982 0.041836000000000026
1 0.4325390625 0.5372491706539075 0.018125000000000002 0.028570999999999912
1 0.5146875 0.5431826523125997 0.015625 0.043878000000000084
1 0.5490234375 0.6247549266347687 0.02937499999999993 0.06530600000000002
1 0.575703125 0.6514827862838914 0.036250000000000004 0.10204100000000003
1 0.6314453125 0.619335615629984 0.026874999999999982 0.07551000000000006
1 0.7390625 0.5063198596491228 0.016875000000000084 0.03571399999999998
1 0.8115234375 0.6187009936204146 0.02937500000000004 0.09387800000000003
1 0.8740234375 0.6524430606060606 0.09312500000000001 0.12142799999999991
1 0.9392578125 0.5600238229665072 0.041874999999999996 0.0683669999999999
