0 0.4990234375 0.64625 0.99875 0.06500000000000002
0 0.0230859375 0.8078125000000002 0.015 0.016666999999999987
0 0.0253125 0.7061455 0.01625 0.016666999999999987
0 0.040859375 0.7461455 0.012499999999999997 0.016666999999999987
0 0.045859375 0.9696878333333334 0.012499999999999997 0.02666599999999993
0 0.0850390625 0.7191145833333333 0.018750000000000003 0.018333000000000006
0 0.087265625 0.83171875 0.020000000000000004 0.02500000000000006
0 0.0998828125 0.7702083333333333 0.009999999999999995 0.011667000000000094
0 0.14796875 0.7324475833333333 0.023749999999999993 0.020000000000000167
0 0.2125390625 0.6974475833333332 0.018750000000000017 0.018334000000000145
0 0.267109375 0.7048434166666667 0.012500000000000011 0.014999999999999977
0 0.2980859375 0.7015104166666667 0.013749999999999984 0.014999999999999977
0 0.3343359375 0.74557325 0.015000000000000013 0.010000000000000083
0 0.3398828125 0.70890625 0.009999999999999953 0.008333000000000071
0 0.3775390625 0.8870836666666667 0.01874999999999999 0.023333000000000048
0 0.433671875 0.88838575 0.027500000000000024 0.02500000000000006
0 0.5033984375 0.9167187499999999 0.030000000000000027 0.02500000000000006
0 0.5037890625 0.70557325 0.018750000000000044 0.008332999999999924
0 0.5093359375 0.7794795 0.01375000000000004 0.016665999999999997
0 0.5193359375 0.5546878333333334 0.015000000000000013 0.02833299999999994
0 0.5280859375 0.8574475833333333 0.01375000000000004 0.018334
0 0.534765625 0.7268753333333334 0.020000000000000018 0.011665999999999954
0 0.54265625 0.7041145833333333 0.008750000000000036 0.018333000000000006
0 0.5553125 0.86338575 0.016249999999999987 0.02500000000000006
0 0.5673828125 0.7302083333333332 0.010000000000000009 0.011667000000000094
0 0.5815625 0.7804166666666666 0.01750000000000007 0.02166700000000003
0 0.5961328125 0.8035413333333333 0.009999999999999898 0.011667000000000094
0 0.6105859375 0.8168753333333334 0.01375000000000004 0.011665999999999954
0 0.7323828125 0.7296350833333333 0.011249999999999982 0.005000000000000042
0 0.757265625 0.7541145833333333 0.02124999999999999 0.020000000000000018
0 0.7644921875 0.7107815833333334 0.022499999999999964 0.018333000000000006
0 0.7828125 0.7304166666666667 0.016249999999999987 0.02166699999999988
0 0.803515625 0.8281774166666667 0.02124999999999999 0.014999999999999977
0 0.8028125 0.9698961666666667 0.016249999999999987 0.038332999999999874
0 0.8055859375 0.7737496666666667 0.01375000000000004 0.02166700000000003
0 0.8712890625 0.7048434166666667 0.018749999999999933 0.013333999999999957
0 0.893671875 0.7254166666666667 0.02749999999999997 0.023333000000000048
0 0.9180859375 0.7007815833333334 0.01375000000000004 0.01999999999999987
0 0.9340625 0.7683857499999999 0.01749999999999996 0.02500000000000006
0 0.9405859375 0.6981774166666668 0.01375000000000004 0.014999999999999977
0 0.9448828125 0.74557325 0.011250000000000093 0.010000000000000083
