1 0.1396484375 0.6778649166666666 0.279375 0.3733329999999999
1 0.182421875 0.6610940833333334 0.15375 0.2841659999999999
1 0.282109375 0.6675524166666666 0.106875 0.358333
1 0.4099609375 0.645417 0.20124999999999998 0.3125
1 0.5277734375 0.67171875 0.24937499999999996 0.400833
1 0.4855859375 0.5380725833333334 0.07625000000000004 0.05166699999999991
1 0.5904296875 0.656458 0.19374999999999998 0.40833400000000003
1 0.78171875 0.6530725833333334 0.27374999999999994 0.3
1 0.730078125 0.5022395833333333 0.06687500000000002 0.05166700000000005
1 0.789609375 0.6005211666666667 0.10562500000000008 0.31833300000000003
