0 0.1194140625 0.7336290658682635 0.018125000000000002 0.03547500000000006
0 0.226484375 0.6752110239520956 0.011875000000000024 0.013423000000000093
0 0.23765625 0.7308200239520957 0.00874999999999998 0.014382000000000143
0 0.3712109375 0.7121830299401197 0.015000000000000013 0.015339999999999993
0 0.3730078125 0.6916280359281437 0.011250000000000038 0.018217000000000056
0 0.42328125 0.5469710479041916 0.00874999999999998 0.025886999999999966
0 0.467421875 0.5382071317365269 0.027500000000000024 0.06711400000000001
0 0.5103125 0.7076240538922156 0.016875000000000084 0.02780499999999998
0 0.596640625 0.7003750479041916 0.020625000000000004 0.025886999999999966
0 0.60296875 0.7457400299401198 0.024374999999999925 0.017258000000000006
0 0.6601953125 0.7154120658682634 0.02562500000000001 0.03451600000000001
0 0.6749609375 0.6907870479041915 0.015000000000000013 0.023969000000000122
0 0.6934375 0.7383050538922155 0.015625 0.02780500000000015
0 0.6963671875 0.7691040658682635 0.021874999999999978 0.03547400000000003
0 0.7162890625 0.7522660598802394 0.01937500000000003 0.0306810000000001
0 0.7355078125 0.6982720778443113 0.011249999999999982 0.03931000000000006
0 0.8132421875 0.7539480359281437 0.021874999999999978 0.019175999999999933
0 0.8555859375 0.2432760718562874 0.015000000000000013 0.03643300000000004
0 0.89984375 0.553850113772455 0.024374999999999925 0.0594440000000001
0 0.9153125 0.6431510299401196 0.015625 0.017258000000000006
0 0.97796875 0.6200730718562875 0.024374999999999925 0.03739199999999996
0 0.992734375 0.5712261257485031 0.012500000000000067 0.06423800000000006
