0 0.4815605427974948 0.19611266666666669 0.09875000000000002 0.08502399999999999
0 0.08830767223382045 0.4233355833333334 0.17625 0.05148199999999995
0 0.030670668058455114 0.9701375833333333 0.045625 0.05148199999999988
0 0.15314065762004175 0.95404475 0.21625000000000003 0.08814400000000007
0 0.2701826722338205 0.6656729166666667 0.17625 0.06240299999999991
0 0.3223094989561587 0.4561393333333333 0.21750000000000003 0.10452400000000006
0 0.33251565762004176 0.15164541666666664 0.21624999999999997 0.075663
0 0.40854645093945724 0.6300498333333334 0.20499999999999993 0.05850199999999998
0 0.50580375782881 0.9382108333333333 0.37187499999999996 0.12090500000000004
0 0.48566675365344464 0.5746855833333334 0.24062499999999995 0.08112399999999997
0 0.5768776096033403 0.9074704166666666 0.20374999999999993 0.04446200000000008
0 0.617973643006263 0.502413 0.25500000000000006 0.09594399999999988
0 0.6321294363256784 0.6126986666666666 0.24624999999999997 0.14742500000000006
0 0.6364326722338205 0.055965583333333326 0.17624999999999996 0.082683
0 0.7201631002087683 0.95248475 0.1575 0.08736399999999984
0 0.812535229645094 0.41844566666666666 0.234375 0.11700500000000003
0 0.8498812630480168 0.8141555833333333 0.2875 0.08190300000000006
0 0.7861808455114823 0.05515433333333333 0.13375000000000006 0.042902
0 0.8169402400835073 0.9589774166666666 0.06437499999999999 0.07566299999999988
0 0.8936156054279749 0.9636511666666667 0.07187500000000005 0.06942300000000001
