0 0.306328125 0.5242238653001464 0.09937499999999999 0.08911799999999999
0 0.334453125 0.5809918345534408 0.09875 0.06566599999999999
0 0.3992578125 0.19626157686676424 0.04125000000000001 0.060976000000000044
0 0.538515625 0.8107699575402636 0.14625000000000005 0.15947499999999992
0 0.5123828125000001 0.45416547877013175 0.07312499999999994 0.08067600000000004
0 0.5535546874999999 0.8417528960468521 0.13187500000000002 0.11163299999999991
0 0.5869140625 0.5467638038067351 0.11312500000000003 0.042213999999999974
0 0.622734375 0.4129595768667642 0.07500000000000007 0.06003800000000004
0 0.62796875 0.5061723499267935 0.05500000000000005 0.07879899999999995
0 0.75375 0.48137047877013184 0.09375 0.08067499999999998
0 0.7630859375 0.39776622108345533 0.04562500000000003 0.07504700000000004
0 0.7760546875 0.5014381903367496 0.07000000000000006 0.05159500000000004
