0 0.6466015625 0.8628645833333334 0.19062500000000004 0.20749999999999988
0 0.08609375 0.3253125 0.024375000000000008 0.017500000000000033
0 0.143984375 0.8238538333333333 0.106875 0.15333400000000008
0 0.15859375 0.22328158333333334 0.024375000000000008 0.019165999999999978
0 0.333515625 0.37255175 0.020625000000000004 0.025833999999999913
0 0.3571875 0.4810940833333333 0.01687500000000003 0.034165999999999995
0 0.37890625 0.25374966666666665 0.009375000000000022 0.022500000000000003
0 0.4087890625 0.43421875000000004 0.019374999999999976 0.025832999999999995
0 0.6706640625 0.06458366666666666 0.01937500000000003 0.02250000000000001
0 0.7133203125 0.10437533333333332 0.026249999999999996 0.01166600000000001
0 0.78734375 0.92005175 0.024375000000000036 0.024166999999999977
0 0.8906640625 0.80421875 0.018125000000000058 0.024167000000000122
