0 0.0107421875 0.5640621666666666 0.021875 0.03749999999999994
0 0.2552734375 0.5041663333333334 0.031249999999999972 0.041667000000000044
0 0.321875 0.4390621666666667 0.03125 0.03749999999999994
0 0.335546875 0.4781250000000001 0.028124999999999956 0.03333299999999991
0 0.38671875 0.3638024166666667 0.025000000000000022 0.04583300000000001
0 0.3978515625 0.3140621666666667 0.034375000000000044 0.03749999999999998
0 0.41640625 0.2953125 0.009375000000000022 0.016667000000000026
0 0.46171875 0.2557291666666666 0.024999999999999967 0.037500000000000054
0 0.5775390625 0.9812496666666667 0.018750000000000044 0.020833999999999946
0 0.6138671875 0.9411454999999999 0.021874999999999978 0.016666999999999987
0 0.6796875 0.8200517499999999 0.046875 0.02500000000000006
0 0.696875 0.7765621666666668 0.03125 0.03749999999999994
0 0.83671875 0.736458 0.025000000000000022 0.03333400000000012
