0 0.060859375 0.4650668900144719 0.012500000000000004 0.01482899999999995
0 0.1273828125 0.46361971201157753 0.010624999999999996 0.012974999999999947
0 0.1803125 0.45898571201157745 0.016875 0.012048999999999971
0 0.2265625 0.4571327120115774 0.016875 0.012048000000000027
0 0.2405078125 0.4809362460202605 0.010000000000000009 0.020390000000000016
0 0.287734375 0.45423835600578866 0.012500000000000011 0.008341000000000046
0 0.2992578125 0.48134306801736615 0.010624999999999996 0.018536000000000014
0 0.32796875 0.4544660680173661 0.024375000000000036 0.017609000000000014
0 0.3417578125 0.47926135600578873 0.011250000000000038 0.007413999999999962
0 0.4006640625 0.4497187120115774 0.018125000000000002 0.012048000000000027
0 0.4005078125 0.48400971201157744 0.010624999999999996 0.01297500000000003
0 0.464609375 0.442710534008683 0.012500000000000011 0.011121000000000027
0 0.4666796875 0.49409035600578877 0.007500000000000007 0.008340999999999965
0 0.5084375 0.4955375340086831 0.015625 0.010193999999999943
0 0.50578125 0.43859671201157735 0.009375000000000022 0.01297500000000003
0 0.5323828125 0.43077589001447175 0.010624999999999996 0.01668200000000001
0 0.551484375 0.5067728900144718 0.012499999999999956 0.01668200000000001
0 0.5612109375 0.42892289001447176 0.014375000000000027 0.01668199999999993
0 0.5924609375 0.5112925340086831 0.01375000000000004 0.009267999999999966
0 0.611484375 0.5168535340086831 0.013125000000000053 0.011121000000000027
0 0.64953125 0.5224135340086831 0.008750000000000036 0.011121999999999969
0 0.6912890625 0.5290148900144718 0.018125000000000058 0.015756000000000034
0 0.717734375 0.5396167120115773 0.011874999999999969 0.012974999999999947
0 0.7517578125 0.5495182460202604 0.011250000000000093 0.020390000000000016
0 0.7940625 0.5577458900144718 0.016874999999999973 0.014827999999999925
0 0.8221875 0.5610460680173661 0.015625 0.019463000000000015
0 0.8687109375 0.5864758900144718 0.014375000000000027 0.01482899999999995
0 0.9196875 0.5897770680173662 0.015625 0.01853499999999999
0 0.950234375 0.6014182460202605 0.013125000000000053 0.021315999999999995
