0 0.4895703125 0.5412496666666667 0.02625000000000005 0.020833999999999946
0 0.5021484375 0.5087496666666667 0.030624999999999958 0.020834000000000092
0 0.514140625 0.4663538333333333 0.020625000000000004 0.02833400000000001
0 0.51734375 0.4166145833333333 0.024375000000000036 0.020000000000000018
0 0.523046875 0.37588574999999996 0.028124999999999956 0.025832999999999995
0 0.533671875 0.33374966666666667 0.028749999999999942 0.02083399999999998
0 0.5771484375 0.39005175 0.030625000000000013 0.025834000000000062
0 0.6040234375 0.42624966666666664 0.030000000000000027 0.022499999999999964
0 0.63734375 0.46755175 0.024375000000000036 0.025833999999999985
0 0.663671875 0.4963538333333333 0.02749999999999997 0.027500000000000007
0 0.68484375 0.5109899166666667 0.025000000000000022 0.029165999999999952
0 0.7125 0.54088575 0.03187499999999999 0.024165999999999983
0 0.738671875 0.567292 0.028750000000000053 0.03333299999999998
0 0.764765625 0.594792 0.020625000000000004 0.03166599999999997
