0 0.86546875 0.46645833333333336 0.21250000000000002 0.32333300000000004
0 0.13132812500000002 0.4039059166666667 0.130625 0.21750000000000003
0 0.197265625 0.46005175000000004 0.176875 0.274167
0 0.25875000000000004 0.6328121666666666 0.25187499999999996 0.35083400000000003
0 0.43078125 0.08203125 0.22750000000000004 0.165
0 0.4003515625 0.4148958333333333 0.09687500000000004 0.24499999999999997
0 0.5133593750000001 0.44406283333333335 0.13687500000000002 0.24666599999999997
0 0.6840234375 0.56338575 0.21687499999999993 0.27416599999999997
0 0.746640625 0.38890658333333333 0.23875000000000002 0.17500000000000002
0 0.8151171875 0.19661458333333334 0.3343750000000001 0.394167
