0 0.0107421875 0.8459758235294117 0.023125 0.046139999999999924
0 0.4990234375 0.4985294117647059 0.999375 0.9990579999999999
0 0.0093359375 0.9076571176470587 0.015000000000000001 0.022599000000000095
0 0.0164453125 0.9783952941176471 0.025625 0.028248999999999903
0 0.0194921875 0.802312294117647 0.021875 0.029189999999999994
0 0.061015625 0.7899551176470587 0.019999999999999997 0.02259900000000026
0 0.0883203125 0.375759294117647 0.02562500000000001 0.02824799999999996
0 0.0876171875 0.7926639411764705 0.021875000000000006 0.015065999999999951
0 0.092890625 0.7007334705882353 0.02062499999999999 0.03295699999999997
0 0.0951171875 0.6581281176470588 0.023124999999999993 0.021657999999999917
0 0.108515625 0.33056129411764706 0.01999999999999999 0.027306999999999998
0 0.1107421875 0.30125411764705884 0.022499999999999992 0.022599000000000008
0 0.1103125 0.8789328235294117 0.01625 0.046138999999999944
0 0.118515625 0.8359140588235294 0.02062499999999999 0.03672399999999995
0 0.123515625 0.7130916470588234 0.02062499999999999 0.04048900000000005
0 0.1545703125 0.812554117647059 0.02687500000000001 0.021656999999999853
0 0.1531640625 0.7374574705882353 0.019375000000000003 0.03483999999999997
0 0.1819921875 0.7758834117647058 0.021874999999999978 0.04802300000000001
0 0.189140625 0.8280325294117646 0.01999999999999999 0.01789100000000002
0 0.198046875 0.17748970588235297 0.028124999999999983 0.026365000000000006
0 0.218515625 0.814437117647059 0.020625000000000004 0.021656999999999853
0 0.2265625 0.8709341176470587 0.015625 0.02071599999999993
0 0.2456640625 0.7945469411764706 0.018125000000000002 0.016949000000000117
0 0.2544140625 0.762235705882353 0.019375000000000003 0.024481999999999924
0 0.2603125 0.8684063529411764 0.017500000000000016 0.013182000000000136
0 0.262265625 0.824382705882353 0.02124999999999999 0.02636500000000009
0 0.2757421875 0.7345162941176471 0.021874999999999978 0.027306999999999998
0 0.3501171875 0.8912377058823528 0.021875000000000033 0.025423000000000015
0 0.40484375 0.20950470588235295 0.02437499999999998 0.023541
0 0.4094140625 0.8609895294117648 0.018125000000000002 0.017890999999999855
0 0.4265625 0.8171459411764705 0.016874999999999973 0.016007000000000042
0 0.469765625 0.7689428823529411 0.02124999999999999 0.031074000000000143
0 0.533515625 0.8931207058823528 0.020625000000000004 0.025424
0 0.624609375 0.965625705882353 0.011874999999999969 0.025423000000000015
0 0.724765625 0.9133071176470587 0.020000000000000018 0.02259900000000026
0 0.8907421875 0.20385470588235297 0.021874999999999978 0.025423999999999957
0 0.8944921875 0.9390796470588235 0.021874999999999978 0.038606999999999954
0 0.928515625 0.977453294117647 0.02124999999999999 0.027306999999999998
