1 0.0224609375 0.2243041239669422 0.045625 0.21164000000000005
1 0.0583203125 0.21975623966942145 0.026874999999999996 0.118518
1 0.1873828125 0.5599633801652892 0.26125 0.544973
1 0.0903515625 0.19330123966942148 0.035 0.11745999999999995
1 0.532265625 0.2136600909090909 0.8325 0.18201099999999998
1 0.445546875 0.38626043801652893 0.06 0.29523900000000003
1 0.6010546875 0.590817041322314 0.31999999999999995 0.737566
1 0.505390625 0.29328766115702476 0.05125000000000002 0.19788400000000003
1 0.874921875 0.7820720330578513 0.24750000000000005 0.43174599999999996
1 0.7843359375 0.29143423140495867 0.04625000000000001 0.208465
1 0.9753125 0.22187223966942152 0.04749999999999999 0.11640199999999999
1 0.984296875 0.3528877024793388 0.028750000000000053 0.1354500000000001
