1 0.4990234375 0.6491616070381231 0.999375 0.6988740000000002
1 0.2785546875 0.17707030791788855 0.038124999999999964 0.036585
1 0.3044140625 0.1737270322580645 0.018124999999999947 0.032833999999999995
1 0.3397265625 0.2956239618768329 0.06625000000000003 0.05347099999999999
1 0.3724609375 0.17103158357771261 0.10875000000000001 0.04033799999999999
1 0.5641796875 0.16540258357771262 0.09999999999999998 0.04033799999999997
1 0.6590625 0.1598931348973607 0.07937499999999997 0.045028000000000006
1 0.724296875 0.16809903225806452 0.028125000000000067 0.034708999999999976
1 0.7489453125 0.16598592961876832 0.02562500000000001 0.020637999999999993
1 0.7751171875 0.17349092961876836 0.02312499999999995 0.02157599999999998
1 0.8175 0.1662230322580645 0.03187499999999999 0.034709
1 0.838984375 0.17173348093841642 0.013124999999999942 0.027204000000000023
1 0.8628515625 0.1699750322580645 0.03500000000000003 0.03283299999999997
1 0.94546875 0.16516648093841643 0.024375000000000036 0.029081
1 0.9681640625 0.16223392961876834 0.01937500000000003 0.022513999999999992
