0 0.9090625 0.08394305042016806 0.11124999999999996 0.13037700000000002
0 0.039140625 0.4926127226890757 0.052500000000000005 0.034946999999999936
0 0.0589453125 0.6964962436974789 0.025624999999999995 0.04704300000000013
0 0.0603125 0.8138497226890756 0.016250000000000007 0.03629000000000003
0 0.0901171875 0.81998256302521 0.021875000000000006 0.04032300000000006
0 0.1477734375 0.41054460504201684 0.06062500000000001 0.06317199999999995
0 0.133671875 0.7521914033613446 0.028749999999999998 0.044354999999999985
0 0.1381640625 0.7003595630252102 0.019375000000000003 0.03897799999999994
0 0.14875 0.8412397647058824 0.031875000000000014 0.06048400000000004
0 0.166171875 0.2222029243697479 0.06 0.057796000000000035
0 0.2065625 0.7271614453781512 0.079375 0.07123700000000015
0 0.2013671875 0.8468645630252101 0.023125000000000007 0.041666999999999954
0 0.23375 0.5401647647058824 0.0625 0.06048400000000004
0 0.2105859375 0.8587918823529412 0.015000000000000013 0.030913999999999966
0 0.2385546875 0.617195243697479 0.037500000000000006 0.0470429999999999
0 0.2332421875 0.8740849243697479 0.021875000000000006 0.05510799999999985
0 0.2561328125 0.7569802436974791 0.04250000000000001 0.04973099999999993
0 0.2520703125 0.8399748823529413 0.02562500000000001 0.030913999999999966
0 0.2591796875 0.6633117226890757 0.03874999999999998 0.03494700000000012
0 0.4227734375 0.8248848571428572 0.31249999999999994 0.21774200000000002
0 0.2959375 0.5572192857142857 0.04874999999999996 0.07258100000000003
0 0.299609375 0.7060739243697479 0.044375 0.05779600000000001
0 0.3136328125 0.54713356302521 0.04249999999999998 0.0403219999999999
0 0.3370703125 0.360475243697479 0.057499999999999996 0.04973099999999993
0 0.33046875 0.6726416050420168 0.024375000000000036 0.06317200000000019
0 0.3546875 0.6911202436974789 0.01687500000000003 0.047043000000000015
0 0.3856640625 0.46599096638655463 0.04999999999999999 0.08199000000000001
0 0.426875 0.58476756302521 0.06437500000000002 0.03897900000000004
0 0.496640625 0.5437792857142857 0.05250000000000005 0.07526800000000003
0 0.526171875 0.500428924369748 0.058750000000000024 0.055107999999999976
0 0.53171875 0.6524806050420169 0.055625000000000036 0.06585999999999997
0 0.571015625 0.2568105630252101 0.05125000000000002 0.038979000000000014
0 0.5966015625 0.7584939243697479 0.03375000000000006 0.05510699999999987
0 0.5985546875 0.3991148823529411 0.03750000000000009 0.030913999999999966
0 0.63296875 0.7358136050420169 0.055625000000000036 0.06585999999999986
0 0.6635546875 0.8469665714285715 0.10124999999999995 0.146505
0 0.76796875 0.41415912605042016 0.05500000000000005 0.07930099999999994
0 0.7805859375 0.7121286470588235 0.04499999999999993 0.08870899999999998
0 0.81515625 0.513869924369748 0.04062500000000002 0.055107999999999914
0 0.8353515625 0.5887214453781514 0.034375000000000044 0.06854799999999989
0 0.8529296875 0.7181709243697478 0.06874999999999998 0.055108000000000094
0 0.860703125 0.8169666470588235 0.06687500000000002 0.08870999999999997
0 0.8675 0.4036549243697479 0.06437499999999996 0.05510800000000003
0 0.9417578125 0.3275499663865546 0.041874999999999996 0.08333399999999996
0 0.954375 0.7776492857142857 0.03125 0.07258099999999992
0 0.9612109375 0.28050696638655465 0.04625000000000001 0.083334
