1 0.0883203125 0.1582292857142857 0.15125 0.14118499999999998
1 0.1058203125 0.38984785714285713 0.181875 0.163131
1 0.105390625 0.6207847142857144 0.1775 0.13386999999999996
1 0.1053125 0.8964799999999998 0.173125 0.1302120000000002
1 0.29984374999999996 0.6256762857142857 0.18000000000000002 0.14045300000000005
1 0.300390625 0.8973934285714286 0.17625 0.13752800000000012
1 0.3032421875 0.3935058571428572 0.17875 0.16313099999999991
1 0.29734375 0.157589 0.149375 0.145574
1 0.492421875 0.38756214285714286 0.18437499999999996 0.15947300000000003
1 0.4853515625 0.8981724285714286 0.16000000000000003 0.121433
1 0.497265625 0.6381122857142857 0.17687500000000006 0.14045400000000005
1 0.5008984375000001 0.15370257142857144 0.15562499999999996 0.151426
1 0.690390625 0.6460675714285714 0.17625000000000002 0.13679600000000003
1 0.6913671875 0.3769562857142857 0.17874999999999996 0.140454
1 0.677890625 0.9072705714285715 0.14625 0.11997099999999994
1 0.6944921875 0.14679842857142855 0.17875000000000008 0.15435200000000002
1 0.8890234375 0.3657571428571429 0.18625000000000003 0.11119200000000001
1 0.89046875 0.14373371428571427 0.17999999999999994 0.16459400000000002
1 0.8868359375 0.6528809999999999 0.17125 0.13021200000000005
1 0.87265625 0.8992705714285715 0.13374999999999992 0.104609
