1 0.078046875 0.7263710923694778 0.121875 0.13881699999999994
1 0.08125 0.9071248995983936 0.12562500000000001 0.11482400000000008
1 0.0907421875 0.3296231017402945 0.11625 0.18080599999999997
1 0.09714843749999999 0.5426709732262383 0.12312500000000001 0.163668
1 0.0950390625 0.13066453279785809 0.080625 0.150814
1 0.243203125 0.9040722115127177 0.13062500000000002 0.11053999999999975
1 0.2537890625 0.7244955327978582 0.11312500000000003 0.15081399999999998
1 0.25277343750000003 0.11159678982597056 0.09374999999999997 0.18423300000000004
1 0.2610546875 0.5339404136546185 0.10000000000000003 0.17737799999999995
1 0.2537890625 0.3334264136546185 0.08187500000000003 0.17737799999999998
1 0.40453125 0.9044475234270415 0.13437499999999997 0.10711200000000011
1 0.4221875 0.3358900374832664 0.14125 0.17223700000000003
1 0.4157421875 0.5471175327978581 0.11562499999999998 0.15252799999999994
1 0.4208984375 0.73247546854083 0.12437500000000001 0.14224500000000004
1 0.4205078125 0.11084616599732262 0.10374999999999995 0.18937400000000001
1 0.5703515625 0.9010195234270414 0.12812500000000004 0.10882600000000009
1 0.5855859375 0.7292100281124497 0.13937500000000003 0.13024800000000006
1 0.58109375 0.32828441365461847 0.11750000000000005 0.17737800000000004
1 0.5830078125 0.11936397322623829 0.10375000000000001 0.163667
1 0.583671875 0.5333523493975904 0.09125000000000005 0.17052200000000006
1 0.7455859375 0.32999841365461846 0.13937500000000003 0.17737800000000004
1 0.73734375 0.8979668353413656 0.11750000000000005 0.1053989999999999
1 0.7434375 0.5268164779116467 0.109375 0.18680399999999994
1 0.751796875 0.10988278982597054 0.12187499999999996 0.18423299999999995
1 0.746640625 0.722781532797858 0.0525000000000001 0.15081400000000014
1 0.899296875 0.8970034591700133 0.12187499999999996 0.10025700000000014
1 0.9027734375 0.33149866131191436 0.12312499999999993 0.16709600000000002
1 0.9140625 0.5278350374832664 0.10999999999999999 0.17395100000000008
1 0.913203125 0.11534790896921018 0.09875 0.15681199999999998
1 0.9080078125 0.7405115876840695 0.073125 0.11568100000000006
