1 0.11833550065019506 0.406898875 0.23804299999999998 0.18530599999999997
1 0.13654096228868662 0.885265875 0.275 0.183674
1 0.11705515994798439 0.14581925 0.221739 0.195919
1 0.14696413263979194 0.64564775 0.28152099999999997 0.14938700000000005
1 0.4541854512353706 0.6402386875 0.25217399999999995 0.163265
1 0.4983987152145643 0.37765625 0.33913000000000004 0.196735
1 0.46744184135240574 0.1564464375 0.254348 0.18612299999999998
1 0.7750909401820546 0.15093856249999998 0.2271729999999999 0.15999999999999998
1 0.7859398907672303 0.634188375 0.24021799999999993 0.16898000000000002
1 0.8310267646293887 0.39258575 0.32608699999999996 0.14938800000000002
