0 0.6813671875 0.6806944444444444 0.24062499999999998 0.20333299999999996
0 0.0439453125 0.40902777777777777 0.08875 0.11888900000000009
0 0.1123046875 0.3831248888888889 0.225 0.184445
0 0.131015625 0.6468751111111112 0.24000000000000002 0.31666700000000003
0 0.13140625 0.36666666666666664 0.19625 0.3344439999999999
0 0.18625 0.20437466666666668 0.28312499999999996 0.303334
0 0.35347656250000004 0.3797224444444445 0.28437500000000004 0.266666
0 0.330703125 0.3675004444444444 0.1925 0.264444
0 0.4316015625 0.35777733333333334 0.2525 0.16666699999999995
0 0.3851171875 0.7485416666666667 0.11624999999999996 0.177778
0 0.3659375 0.7184726666666666 0.04874999999999996 0.14666599999999994
0 0.4183984375 0.34138911111111114 0.12312499999999998 0.348889
0 0.5015625 0.7605554444444445 0.14187499999999997 0.142222
0 0.4910546875 0.2913191111111111 0.10125 0.31888900000000003
0 0.5299609375000001 0.11055522222222222 0.17062499999999997 0.19777800000000004
0 0.5154687499999999 0.733681 0.11875000000000008 0.15888799999999995
0 0.679375 0.4655553333333333 0.25187500000000007 0.17000000000000004
0 0.6842578125 0.4418054444444445 0.26 0.2022219999999999
0 0.6646875 0.345 0.20375 0.2511109999999999
0 0.859921875 0.31937455555555555 0.21562500000000007 0.32999999999999996
0 0.97109375 0.2652774444444444 0.055625000000000036 0.26666700000000004
