0 0.077734375 0.5002160775047259 0.013125000000000012 0.01212199999999997
0 0.0936328125 0.4983257183364839 0.010000000000000009 0.009696999999999964
0 0.107109375 0.4996824366729679 0.013124999999999998 0.01696999999999987
0 0.12550781249999998 0.5039967958412098 0.01062500000000001 0.019394000000000036
0 0.1386328125 0.497258436672968 0.009999999999999981 0.01696999999999987
0 0.1543359375 0.5002160775047259 0.014374999999999999 0.01454599999999992
0 0.170234375 0.4948344366729678 0.012500000000000011 0.016969000000000033
0 0.1973828125 0.49429979584120975 0.010000000000000009 0.019394000000000036
0 0.2234375 0.4863494366729679 0.015625 0.018182000000000007
0 0.245859375 0.4996824366729679 0.012500000000000011 0.01696999999999987
0 0.2655078125 0.4977920775047259 0.010000000000000009 0.012120999999999915
0 0.282734375 0.49444451417769375 0.013124999999999998 0.02787899999999997
0 0.300859375 0.5039967958412098 0.013124999999999998 0.019394000000000036
0 0.321484375 0.5142284366729678 0.012500000000000011 0.016969000000000033
0 0.3440625 0.5166524366729678 0.016249999999999987 0.016970000000000086
0 0.365234375 0.5142284366729678 0.012500000000000011 0.016969000000000033
0 0.387734375 0.517719718336484 0.013124999999999998 0.009696999999999964
0 0.409609375 0.5136937958412098 0.011875000000000024 0.019394000000000036
0 0.4255078125 0.5147620775047258 0.009999999999999953 0.01454500000000008
0 0.472734375 0.5204331550094518 0.012500000000000011 0.025454000000000022
0 0.4881640625 0.6042138733459358 0.018125000000000002 0.0339389999999999
0 0.495859375 0.5228571550094517 0.012499999999999956 0.023029999999999964
0 0.513359375 0.5277061550094518 0.013125000000000053 0.023029999999999856
0 0.5337109375 0.528773436672968 0.014375000000000027 0.018181999999999844
0 0.5503125 0.548022718336484 0.016249999999999987 0.009697000000000072
0 0.5528125 0.5633907958412099 0.016249999999999987 0.021818999999999932
0 0.5846875 0.5739108733459358 0.016874999999999973 0.030302999999999976
0 0.5881640625 0.6023235141776938 0.01937500000000003 0.02666700000000005
0 0.63984375 0.5846751550094518 0.024374999999999925 0.023031000000000017
0 0.6851171875 0.6093513100189036 0.053750000000000075 0.04727200000000001
0 0.6776171875 0.7302738733459356 0.022499999999999964 0.03272799999999998
0 0.6776171875 0.8345168733459357 0.022499999999999964 0.03272699999999992
0 0.684140625 0.743853077504726 0.020625000000000004 0.014544999999999973
0 0.7264453125 0.7063203100189036 0.026874999999999982 0.04606100000000009
0 0.7237890625 0.6168685141776937 0.01937500000000003 0.02666699999999994
0 0.764375 0.6585136691871456 0.06437499999999996 0.0496969999999999
0 0.7431640625 0.7448198733459358 0.01937500000000003 0.03272699999999992
0 0.745390625 0.6179367958412099 0.020625000000000004 0.02181799999999988
0 0.7456640625 0.6276337958412098 0.01937500000000003 0.02060600000000001
0 0.761875 0.7019054650283554 0.03312500000000007 0.07030300000000002
0 0.7601953125 0.8415446691871455 0.025624999999999898 0.04969700000000001
0 0.8259375 0.6940988241965973 0.04874999999999996 0.07515100000000004
0 0.84609375 0.7686729508506616 0.024375000000000036 0.04242400000000011
0 0.8540234375 0.7484558733459357 0.02937500000000004 0.033939999999999956
0 0.8962890625 0.7748776691871455 0.04937500000000006 0.05212100000000007
0 0.89890625 0.7278498733459358 0.04062500000000002 0.030302999999999976
0 0.8975 0.7038530775047259 0.03312500000000007 0.014544999999999973
