0 0.7195221875 0.687212705882353 0.11666600000000005 0.125448
0 0.1943359375 0.4172148823529412 0.39047600000000005 0.4319
0 0.1478515625 0.8157868235294118 0.09761900000000001 0.14695299999999994
0 0.2737073125 0.767947705882353 0.089286 0.07526900000000003
0 0.33258899999999997 0.2934530588235294 0.09523800000000004 0.13620100000000004
0 0.3815198125 0.7798073529411764 0.10357099999999997 0.163082
0 0.4249909375 0.6767336470588236 0.07618999999999998 0.08960600000000006
0 0.43301687499999997 0.47693935294117645 0.091667 0.16308299999999998
0 0.4794740625 0.9121444705882353 0.111904 0.08243699999999993
0 0.45234375 0.26941829411764706 0.05595200000000006 0.07706100000000003
0 0.47010812500000004 0.3794275882352941 0.067857 0.10394300000000001
0 0.47563225000000003 0.3510275294117647 0.07142900000000002 0.06989300000000001
0 0.597638125 0.17820423529411766 0.09880899999999992 0.091398
0 0.6338444375 0.30498635294117643 0.0619050000000001 0.11290300000000006
0 0.695108125 0.20949800000000002 0.06785700000000006 0.10035900000000002
0 0.7013953749999999 0.2797124117647059 0.07500000000000007 0.09856599999999996
0 0.6996556875000001 0.3893528235294117 0.06904799999999989 0.09498200000000005
0 0.7367741250000001 0.49867182352941175 0.06785799999999997 0.09498199999999993
0 0.8695966875 0.7567892352941178 0.2571430000000001 0.24372699999999997
0 0.8341796875 0.3235501764705882 0.07023799999999991 0.10752700000000008
0 0.8581105 0.38062423529411765 0.07857100000000006 0.143369
0 0.879966375 0.29354305882352943 0.07499999999999996 0.08781399999999999
0 0.9368959375 0.08097235294117647 0.07738 0.112903
0 0.9685828750000001 0.41885458823529403 0.05952400000000002 0.1057340000000001
