0 0.7471875 0.62630175 0.203125 0.4616670000000001
0 0.0234375 0.8938020833333332 0.04875 0.12916700000000012
0 0.03515625 0.6841663333333333 0.070625 0.16916700000000007
0 0.0479296875 0.7082812500000001 0.06875 0.10333300000000005
0 0.129765625 0.6644791666666666 0.11375000000000002 0.22583299999999995
0 0.13140625 0.9121875 0.07125000000000001 0.10999999999999988
0 0.188046875 0.9231246666666667 0.1225 0.11583399999999999
0 0.1954296875 0.7618753333333332 0.06937499999999999 0.135833
0 0.226953125 0.9814579999999999 0.09812499999999999 0.03333400000000012
0 0.2196875 0.6865625 0.04749999999999999 0.07916699999999999
0 0.2400390625 0.69307325 0.04999999999999999 0.134166
0 0.37734375 0.62921875 0.14875000000000005 0.275833
0 0.3593359375 0.7116669999999999 0.07750000000000001 0.125833
0 0.401171875 0.554375 0.1225 0.34416699999999995
0 0.547421875 0.5519270833333333 0.15375 0.41
0 0.6034375 0.7298434166666666 0.11062500000000008 0.13833400000000004
0 0.6025390625 0.6178128333333334 0.08187500000000003 0.18416600000000005
0 0.6085546875 0.55401075 0.03875000000000006 0.055000000000000084
0 0.729453125 0.9838538333333333 0.09937499999999999 0.02833400000000008
0 0.85453125 0.537292 0.259375 0.40666599999999997
0 0.8193359375 0.5507809166666666 0.13937500000000003 0.31000000000000005
0 0.8511328125 0.5665625 0.1668750000000001 0.329167
0 0.8685546875 0.7466145833333334 0.10062500000000008 0.14499999999999988
0 0.8975390625 0.6813538333333332 0.11249999999999993 0.15333400000000008
