0 0.1229296875 0.8389383450087565 0.194375 0.11784499999999988
0 0.1078515625 0.4619689719789842 0.16 0.12345700000000004
0 0.12589843750000002 0.18721940455341504 0.093125 0.10774399999999996
0 0.3648046875 0.7722266584938703 0.16375 0.12121200000000015
0 0.355859375 0.1528831068301226 0.138125 0.15937200000000004
0 0.37953125 0.5541854203152364 0.133125 0.16386099999999992
0 0.625234375 0.7654068528896673 0.23187499999999994 0.14590299999999998
0 0.6179296875 0.49191491243432567 0.13187499999999996 0.13580200000000006
0 0.628671875 0.2261921663747811 0.12124999999999997 0.149271
0 0.8621484375 0.4644852259194396 0.18562499999999993 0.138047
0 0.8658984375 0.8052303607705779 0.18562500000000004 0.17508500000000005
0 0.8736328125 0.17914097197898424 0.10375000000000001 0.12457899999999994
