1 0.11641825 0.4844752312223859 0.19637200000000002 0.8972670000000001
1 0.2931769375 0.4619716745213549 0.29581 0.854854
1 0.41778912500000004 0.4636804447717231 0.16135099999999997 0.8708760000000001
1 0.5727278124999999 0.2866415729013255 0.04127600000000009 0.054664999999999964
1 0.6124453125 0.28705381885125186 0.026892000000000027 0.050894999999999954
1 0.6379220624999999 0.2847565729013255 0.050032000000000076 0.054664999999999964
1 0.69713775 0.28558106480117823 0.05628500000000003 0.04806799999999999
1 0.7567560625 0.28369606480117826 0.01938799999999996 0.04806799999999995
1 0.7912973125 0.28746606480117826 0.056910000000000016 0.049952999999999935
1 0.83940925 0.7379326671575848 0.07191999999999998 0.3034879999999999
1 0.8572608125 0.7372844050073638 0.1050660000000001 0.295948
1 0.8713132499999999 0.2889388188512519 0.03939999999999999 0.05183799999999996
1 0.9189775 0.744648175257732 0.11132000000000009 0.311028
1 0.9036369375000001 0.28746606480117826 0.04502800000000007 0.049952999999999935
