0 0.5302731875 0.8486975833333332 0.08437500000000003 0.0822920000000001
0 0.021484375 0.8755211666666667 0.04375 0.03750000000000009
0 0.3998049375 0.75546875 0.04531200000000002 0.05625000000000006
0 0.419140625 0.8325520833333334 0.052343999999999946 0.06770799999999995
0 0.42812475000000005 0.8122399166666666 0.023437999999999903 0.029166000000000025
0 0.42460912500000003 0.7515625 0.005468999999999946 0.015625
0 0.604296625 0.8104163333333334 0.021093999999999946 0.041667000000000044
0 0.6380861875 0.8427083333333334 0.05312499999999998 0.07499999999999989
0 0.6947268125 0.8942704999999999 0.07265599999999994 0.078125
0 0.70937475 0.8434895833333332 0.05468799999999996 0.052082999999999956
0 0.70781225 0.7945315833333334 0.04062500000000002 0.052082999999999956
0 0.7572268125 0.83255175 0.04140599999999994 0.05520899999999992
