1 0.0068359375 0.6345821672473867 0.015 0.09375
1 0.028828125 0.6440000069686411 0.036875000000000005 0.08928599999999998
1 0.0738671875 0.6430203275261324 0.08562499999999999 0.09598200000000007
1 0.2462890625 0.6201820522648084 0.11249999999999999 0.1551339999999999
1 0.31062500000000004 0.6708948919860627 0.126875 0.15067000000000008
1 0.4066015625 0.6902768536585365 0.128125 0.171875
1 0.4543359375 0.7571589756097561 0.14 0.19754500000000008
1 0.557421875 0.7489380139372822 0.15375 0.17634000000000008
1 0.6496875 0.6034410522648084 0.20375 0.15625
1 0.7227734375 0.7512518919860628 0.15500000000000003 0.15290199999999995
1 0.840390625 0.6149011289198607 0.11375000000000002 0.1149549999999999
1 0.8266796875 0.6084767700348432 0.06937499999999996 0.12834799999999993
1 0.9509765625 0.6947408536585366 0.09625000000000006 0.171875
