0 0.001953125 0.3790104166666666 0.005625 0.014166999999999966
0 0.0129296875 0.37067741666666665 0.0075000000000000015 0.014165999999999975
0 0.05765625 0.33520833333333333 0.00875 0.010833000000000018
0 0.0849609375 0.2857815833333333 0.014374999999999999 0.018333000000000006
0 0.107109375 0.31984341666666666 0.011874999999999997 0.015000000000000013
0 0.1117578125 0.2751041666666667 0.010000000000000009 0.0074999999999999884
0 0.13140625 0.3053125 0.008750000000000008 0.015832999999999986
0 0.1348828125 0.32187533333333335 0.010000000000000009 0.011665999999999954
0 0.14140625 0.27390625 0.008124999999999993 0.010000000000000009
0 0.1486328125 0.3056774166666667 0.010625000000000023 0.014165999999999937
0 0.1523046875 0.36270833333333335 0.007499999999999979 0.010832999999999945
0 0.1642578125 0.25697949999999997 0.010625000000000023 0.017499999999999998
0 0.1655078125 0.21640625 0.010625000000000023 0.008332999999999998
0 0.1736328125 0.3162496666666666 0.009999999999999981 0.02083400000000002
0 0.1836328125 0.3440104166666667 0.010624999999999996 0.014999999999999902
0 0.2091796875 0.31328158333333334 0.007500000000000007 0.02083300000000003
0 0.222109375 0.20020833333333332 0.011874999999999997 0.012499999999999992
0 0.2335546875 0.3335413333333333 0.007500000000000007 0.01250000000000003
0 0.3205078125 0.19354133333333334 0.010624999999999996 0.01166700000000002
0 0.33890625 0.13854133333333332 0.009374999999999967 0.012500000000000011
0 0.3548046875 0.15807325 0.00687500000000002 0.008333000000000016
0 0.3661328125 0.15307325 0.011249999999999982 0.010000000000000009
0 0.4123828125 0.10067741666666667 0.010625000000000051 0.013333000000000003
0 0.41640625 0.09020833333333333 0.009375000000000022 0.010833
0 0.450859375 0.18281249999999996 0.012500000000000011 0.015833000000000024
0 0.476484375 0.13187533333333334 0.013124999999999998 0.011665999999999973
0 0.4898828125 0.1444795 0.010624999999999996 0.015832999999999986
0 0.4973046875 0.06437533333333333 0.007499999999999951 0.01083300000000001
0 0.507734375 0.0911455 0.01187500000000008 0.015833999999999977
0 0.5204296875 0.046510416666666665 0.007500000000000062 0.014166999999999994
0 0.533359375 0.04151041666666667 0.01187500000000008 0.014166999999999994
0 0.5755859375 0.06067741666666666 0.014375000000000027 0.014166000000000012
0 0.5986328125 0.3291145833333333 0.010000000000000009 0.019167000000000007
0 0.6036328125 0.12078158333333333 0.010000000000000009 0.020833000000000008
0 0.604609375 0.04354133333333333 0.011874999999999969 0.012500000000000002
0 0.6155859375 0.1261455 0.014375000000000027 0.017499999999999998
0 0.61578125 0.3294795 0.008750000000000036 0.017499999999999998
0 0.617734375 0.03874966666666666 0.012500000000000067 0.020834000000000002
0 0.6280078125 0.11151041666666667 0.010624999999999996 0.014999999999999994
0 0.6411328125 0.3361455 0.011249999999999982 0.015833999999999977
0 0.644609375 0.0078125 0.011874999999999969 0.016666999999999998
0 0.64390625 0.2003125 0.009375000000000022 0.015832999999999986
0 0.653359375 0.21161458333333336 0.01187500000000008 0.019166999999999972
0 0.663984375 0.13994758333333335 0.01187500000000008 0.01833399999999998
0 0.6667578125 0.31364549999999997 0.010624999999999996 0.017500000000000033
0 0.6803125 0.1328125 0.015625 0.017499999999999998
0 0.6823828125 0.3119795 0.010624999999999996 0.015832999999999986
0 0.692109375 0.10567741666666665 0.011874999999999969 0.014165999999999993
0 0.70078125 0.2161455 0.008749999999999925 0.016667000000000026
0 0.702734375 0.17817741666666667 0.011874999999999969 0.014165999999999975
0 0.7059375 0.09197949999999999 0.016874999999999973 0.016666000000000014
0 0.7074609375 0.016979499999999998 0.014374999999999916 0.017500000000000005
0 0.7099609375 0.07984341666666668 0.014375000000000027 0.014166999999999976
0 0.7211328125 0.23687533333333333 0.010624999999999996 0.012499999999999992
0 0.7387109375 0.09744758333333335 0.014374999999999916 0.01916699999999999
0 0.7555859375 0.21984341666666665 0.013749999999999929 0.014999999999999977
0 0.7862109375 0.08114550000000001 0.014374999999999916 0.015833999999999987
0 0.7898828125 0.2503125 0.011249999999999982 0.017499999999999998
0 0.79640625 0.051979500000000005 0.008750000000000036 0.015832999999999996
0 0.8037890625 0.0828125 0.01937499999999992 0.017499999999999998
0 0.802109375 0.2923434166666667 0.013124999999999942 0.013334000000000032
0 0.8167578125 0.23020833333333335 0.010000000000000009 0.012499999999999956
0 0.8329296875 0.10697949999999999 0.007500000000000062 0.017500000000000016
0 0.8868359375 0.04161458333333334 0.014375000000000027 0.018333
0 0.8867578125 0.09604133333333335 0.011249999999999982 0.011666999999999983
0 0.9805078125 0.11223925 0.010624999999999996 0.00999999999999999
0 0.9848828125 0.05067741666666667 0.011249999999999982 0.014166000000000003
