0 0.1117578125 0.4870836666666667 0.04125000000000001 0.022500000000000037
0 0.1926171875 0.5263538333333334 0.021874999999999978 0.02749999999999993
0 0.245546875 0.495625 0.027500000000000024 0.03333300000000006
0 0.26171875 0.5679166666666666 0.025000000000000022 0.022499999999999964
0 0.2844921875 0.5307815833333334 0.021875000000000033 0.019165999999999943
0 0.3085546875 0.64171875 0.03875000000000001 0.024166999999999977
0 0.30875 0.6710940833333333 0.03312499999999996 0.034999999999999996
0 0.3353125 0.52171875 0.015625 0.02416700000000005
0 0.3629296875 0.46838575 0.03875000000000001 0.025832999999999995
0 0.3562890625 0.4312496666666667 0.018125000000000002 0.02083400000000002
0 0.3646484375 0.5418229166666667 0.030000000000000027 0.03083299999999996
0 0.371640625 0.6248961666666667 0.020625000000000004 0.03666600000000001
0 0.3771484375 0.6032815833333333 0.030000000000000027 0.02083300000000003
0 0.4047265625 0.45494758333333335 0.03375 0.019167000000000007
0 0.413125 0.5471878333333334 0.03249999999999997 0.027500000000000007
0 0.4125390625 0.59171875 0.019374999999999976 0.025832999999999995
0 0.4201953125 0.6732291666666667 0.02625000000000005 0.03666700000000008
0 0.4171875 0.4282815833333333 0.015625 0.019165999999999943
0 0.4271875 0.5982815833333334 0.015625 0.018333000000000082
0 0.4415625 0.51755175 0.016874999999999973 0.025833999999999985
0 0.4516015625 0.44921875 0.03375 0.025832999999999995
0 0.46234375 0.3983857499999999 0.023749999999999993 0.02416600000000006
0 0.4624609375 0.6426559166666667 0.014374999999999971 0.029166999999999943
0 0.4719921875 0.4440621666666667 0.021875000000000033 0.038333999999999945
0 0.4971875 0.6430208333333334 0.04874999999999996 0.02749999999999993
0 0.5083203125 0.6034899166666666 0.026874999999999982 0.029166000000000025
0 0.512890625 0.41161458333333334 0.020625000000000004 0.02083300000000003
0 0.5112109375 0.5707815833333334 0.014375000000000027 0.020000000000000018
0 0.5162890625 0.4752600833333333 0.01937500000000003 0.03416700000000006
0 0.5168359375 0.44255174999999997 0.01375000000000004 0.025834000000000062
0 0.5178125 0.4945836666666667 0.016874999999999973 0.021665999999999963
0 0.527265625 0.5458857500000001 0.020625000000000004 0.025832999999999995
0 0.5562890625 0.706458 0.01937500000000003 0.031666999999999966
0 0.56671875 0.604792 0.024374999999999925 0.03249999999999997
0 0.587109375 0.3657815833333333 0.011874999999999969 0.019165999999999943
0 0.5982421875 0.54338575 0.02312499999999995 0.025832999999999995
0 0.6044921875 0.5627600833333334 0.021874999999999978 0.03416699999999991
0 0.6062109375 0.41447949999999995 0.014375000000000027 0.01750000000000007
0 0.6078125 0.65921875 0.015625 0.025832999999999995
0 0.6290625 0.4104166666666667 0.015625 0.022499999999999964
0 0.6348828125 0.5638538333333334 0.010000000000000009 0.02749999999999993
0 0.6734375 0.4143229166666667 0.01749999999999996 0.03083299999999989
0 0.688515625 0.5743229166666667 0.02124999999999999 0.03083299999999989
0 0.7115625 0.6168229166666667 0.015625 0.029166999999999943
0 0.7217578125 0.43031250000000004 0.010624999999999996 0.015832999999999913
0 0.7320703125 0.64171875 0.02562500000000001 0.025832999999999995
0 0.7387109375 0.68953125 0.014374999999999916 0.03916699999999995
0 0.754921875 0.3880208333333333 0.028125000000000067 0.027500000000000007
0 0.8005078125 0.7482291666666666 0.04249999999999998 0.036667000000000005
0 0.82359375 0.64921875 0.025000000000000022 0.025832999999999995
0 0.8743359375 0.7709375 0.045624999999999916 0.04833299999999996
0 0.933203125 0.8201559166666668 0.036250000000000004 0.03083399999999988
0 0.9507421875 0.7816663333333334 0.02187500000000009 0.0416669999999999
0 0.9759765625 0.85067675 0.03375000000000006 0.055000000000000014
0 0.9819921875 0.7904684166666667 0.023125000000000062 0.04583400000000001
0 0.9882421875 0.7718229166666667 0.021874999999999978 0.029167000000000016
