1 0.1937109375 0.5568894405286344 0.20124999999999998 0.16933199999999998
1 0.21484375 0.6747328751835535 0.18062499999999998 0.2539980000000001
1 0.246640625 0.5314677209985316 0.17625000000000002 0.09595499999999997
1 0.3149609375 0.5576480044052863 0.14062499999999997 0.06397000000000012
1 0.3581640625 0.5025792951541851 0.14437500000000003 0.13452499999999995
1 0.424296875 0.5042084405286343 0.12124999999999997 0.170273
1 0.4480078125 0.6681710146842879 0.16625 0.20790199999999998
1 0.5066015625 0.5138451556534509 0.15875000000000006 0.18156199999999995
1 0.5143359375000001 0.5266715829662261 0.07687499999999997 0.163687
1 0.897109375 0.918842725403818 0.16937500000000005 0.15804300000000004
1 0.905859375 0.8958290146842879 0.13687499999999997 0.20602
1 0.931953125 0.8264668693098385 0.0668749999999999 0.1730950000000001
1 0.9509765625 0.555352013215859 0.09625000000000006 0.18720600000000007
1 0.980703125 0.8989487283406754 0.036250000000000004 0.1984950000000001
