0 0.16042825768667643 0.7193095625 0.007500000000000003 0.003334000000000059
0 0.2519619326500732 0.8585029375 0.04500000000000002 0.015000000000000013
0 0.24982064421669106 0.6679296875 0.017500000000000022 0.0066669999999999785
0 0.26542825768667644 0.5062626875 0.007500000000000045 0.0066669999999999785
0 0.2839641288433382 0.791667 0.004999999999999988 0.0016659999999999453
0 0.3054282576866764 0.5812626875 0.007500000000000003 0.0066669999999999785
0 0.32335651537335286 0.6029296875 0.012500000000000034 0.0066669999999999785
0 0.3704282576866764 0.581953125 0.007500000000000003 0.0050000000000000044
0 0.39585651537335287 0.7959765625 0.012500000000000034 0.0033329999999999194
0 0.49628477306002927 0.5495966875 0.019999999999999952 0.00666599999999995
0 0.5029282576866764 0.533620125 0.00749999999999992 0.0050000000000000044
0 0.5708565153733528 0.5112626875 0.012500000000000034 0.0066669999999999785
0 0.6298206442166912 0.7898828125 0.014999999999999923 0.010000000000000009
0 0.6279282576866764 0.56057325 0.00749999999999992 0.008332999999999924
0 0.6629282576866765 0.4648828125 0.00749999999999992 0.009999999999999953
0 0.6808565153733529 0.0365498125 0.01249999999999995 0.010000000000000002
0 0.6943923865300146 0.43821581249999997 0.009999999999999976 0.010000000000000009
0 0.7504282576866764 0.2059765625 0.00749999999999992 0.0033330000000000026
0 0.7679282576866764 0.6048828125 0.00749999999999992 0.010000000000000009
0 0.8768923865300147 0.19223925 0.009999999999999893 0.008334000000000008
0 0.9708565153733529 0.06557325 0.012500000000000034 0.008333000000000014
