0 0.6271929627329192 0.0980078125 0.275622 0.10437500000000001
0 0.19687447826086957 0.5590625 0.326368 0.20499999999999996
0 0.2855798198757764 0.883671875 0.489552 0.15375000000000005
0 0.3324361304347826 0.2733203125 0.544278 0.21375
0 0.29747819254658386 0.1091796875 0.257712 0.13187500000000002
0 0.4672326149068322 0.4434765625 0.491542 0.09749999999999998
0 0.4976578136645963 0.8826953125 0.36716399999999993 0.15187499999999998
0 0.642807695652174 0.649609375 0.566169 0.26312499999999994
0 0.6838196521739129 0.3532421875 0.21791100000000016 0.21
0 0.7758137329192547 0.35562499999999997 0.2935319999999999 0.281875
0 0.8322885527950309 0.846875 0.279602 0.18937499999999996
