0 0.2505078125 0.76807325 0.07375000000000001 0.134166
0 0.1510546875 0.8641145833333334 0.06875 0.14333300000000002
0 0.417578125 0.73109375 0.09812499999999996 0.11833299999999995
0 0.4610546875 0.4804684166666666 0.03875000000000001 0.045000000000000075
0 0.511640625 0.4747395833333334 0.020625000000000004 0.051666999999999984
0 0.5504296875 0.47718716666666666 0.03875000000000006 0.06833399999999996
0 0.558359375 0.4572395833333333 0.012499999999999956 0.05166700000000005
0 0.595390625 0.4613541666666667 0.020625000000000004 0.06916700000000005
0 0.6132421875 0.48125 0.02312499999999995 0.06333300000000001
0 0.6476953125 0.4667190833333334 0.02562500000000001 0.06583299999999996
