0 0.1741796875 0.8555555555555556 0.06874999999999998 0.11444399999999996
0 0.4990234375 0.5078472222222222 0.999375 0.978889
0 0.0889453125 0.8316664444444446 0.058124999999999996 0.14111099999999985
0 0.1572265625 0.6959724444444445 0.065 0.07888899999999992
0 0.3417578125 0.19298566666666667 0.10375000000000001 0.18000000000000005
0 0.408046875 0.09027777777777778 0.21625 0.181111
0 0.4783203125 0.24236077777777776 0.21437500000000004 0.118889
0 0.588515625 0.26236133333333334 0.20750000000000002 0.232222
0 0.6876171875 0.08854166666666667 0.17812499999999998 0.17888900000000002
0 0.83515625 0.9677777777777776 0.07187499999999991 0.058889000000000045
0 0.8411328125 0.020833333333333332 0.0412499999999999 0.042222
0 0.9407421875 0.7897224444444445 0.11624999999999996 0.264444
0 0.94875 0.9677777777777776 0.03125 0.058889000000000045
0 0.9840234375 0.6204864444444445 0.030000000000000027 0.10888900000000007
