0 0.878203125 0.5029349512195123 0.06812499999999999 0.19374899999999995
0 0.0680078125 0.46909248780487806 0.10375 0.298438
0 0.1664453125 0.47160873170731704 0.08875 0.348437
0 0.258359375 0.4889857804878049 0.07437500000000002 0.359376
0 0.3504296875 0.5109756097560976 0.10000000000000003 0.32343700000000003
0 0.43171875 0.5035437073170732 0.05625000000000002 0.34375
0 0.5025 0.5108993902439024 0.09500000000000003 0.278125
0 0.5798046875 0.4900538536585366 0.06999999999999995 0.37187400000000004
0 0.6576171875 0.5132998048780488 0.053750000000000075 0.3625
0 0.72421875 0.5132998048780488 0.05625000000000002 0.3625
0 0.7939453125 0.5049918780487805 0.05812499999999998 0.378125
0 0.955078125 0.530030487804878 0.06687500000000002 0.298438
