0 0.2849609375 0.5173195567010309 0.07687499999999997 0.042413000000000006
0 0.3419140625 0.49699680265095725 0.08124999999999999 0.040528000000000064
0 0.3758984375 0.531457556701031 0.06187499999999996 0.042413000000000006
0 0.4309375 0.46677808100147267 0.07875000000000004 0.05937800000000006
0 0.5166796874999999 0.5448896377025036 0.19375000000000003 0.1008480000000001
0 0.64375 0.5494830648011781 0.0625 0.049953000000000185
0 0.7034765625 0.56945229455081 0.06499999999999995 0.032987000000000065
0 0.8070703125 0.5866533107511046 0.057499999999999996 0.046182999999999974
0 0.86015625 0.5292778188512518 0.07187500000000002 0.050896000000000066
0 0.9111328125 0.58453229455081 0.073125 0.03487299999999999
