1 0.674375 0.6799995285505125 0.12687500000000007 0.30956900000000004
1 0.4990234375 0.5827915915080527 0.999375 0.8320830000000001
1 0.19609375 0.08208725183016104 0.05499999999999999 0.09849900000000002
1 0.3033203125 0.11807702489019034 0.025624999999999953 0.115384
1 0.3334375 0.13267415373352856 0.048750000000000016 0.117261
1 0.363671875 0.16363115373352857 0.06 0.11913699999999999
1 0.4264453125 0.11641031918008785 0.026874999999999982 0.05534700000000001
1 0.4434375 0.18447844802342606 0.04750000000000004 0.05816199999999999
1 0.5127734374999999 0.12267870571010249 0.03062500000000007 0.062852
1 0.54765625 0.1288779941434846 0.07125000000000004 0.090994
1 0.5665234375 0.020497803806734993 0.02937500000000004 0.043151999999999996
1 0.6689453125 0.10947560761346999 0.057499999999999996 0.082552
1 0.7153125 0.17109199414348464 0.07937499999999997 0.09286999999999997
1 0.76609375 0.08440206149341142 0.024375000000000036 0.047842000000000016
1 0.794140625 0.08879444802342606 0.05249999999999999 0.057223
1 0.823671875 0.1652786383601757 0.05874999999999997 0.10600399999999996
1 0.843125 0.04237141727672035 0.03312499999999996 0.03471
1 0.85734375 0.12871957686676427 0.05500000000000005 0.059099999999999986
1 0.8679296875 0.05824931918008784 0.038124999999999964 0.05347099999999999
1 0.913203125 0.12707109224011714 0.06812499999999999 0.07035700000000002
1 0.9492578125 0.11780434992679358 0.04249999999999998 0.07879999999999998
1 0.9822265625 0.050104932650073215 0.03375000000000006 0.04596600000000001
1 0.9822265625 0.12789583455344072 0.03375000000000006 0.064728
