0 0.5614105833333333 0.0902734375 0.11426200000000002 0.06125
0 0.060764166666666675 0.0107421875 0.03669799999999999 0.023125
0 0.08676408333333334 0.0869140625 0.065888 0.049375
0 0.13810816666666667 0.289765625 0.06838999999999999 0.05124999999999996
0 0.14620108333333334 0.436015625 0.034196000000000004 0.020625000000000004
0 0.19488158333333336 0.3325 0.050876 0.03125
0 0.3131686666666667 0.4784375 0.02085099999999999 0.01749999999999996
0 0.3708615833333333 0.14113281249999998 0.050041 0.041249999999999995
0 0.39193358333333334 0.0684375 0.020017000000000024 0.0175
0 0.5390708333333333 0.3412109375 0.05921600000000001 0.01375000000000004
0 0.6441839166666666 0.19625 0.12343600000000003 0.06312499999999999
0 0.6037765833333334 0.4869921875 0.02001699999999995 0.021874999999999978
0 0.8107335833333332 0.208046875 0.2376980000000001 0.06
0 0.728498 0.2221484375 0.0633860000000001 0.029375000000000012
0 0.72762125 0.450625 0.039198999999999984 0.06312499999999999
0 0.9070050833333334 0.143984375 0.13010800000000003 0.044375
