0 0.66328125 0.5999466939970717 0.19624999999999992 0.24390200000000006
0 0.286015625 0.598920374816984 0.05249999999999999 0.1923079999999999
0 0.316796875 0.5995607613469985 0.09000000000000002 0.19981199999999996
0 0.4411328125 0.562106859443631 0.073125 0.17917500000000003
0 0.4646484375 0.7217739326500732 0.030625000000000013 0.044090000000000094
0 0.470234375 0.5882241595900439 0.012500000000000011 0.029081000000000006
0 0.505078125 0.6355140922401171 0.03687500000000005 0.07317099999999993
0 0.54265625 0.6801743806734992 0.07187500000000002 0.100375
0 0.6412890625 0.5455723499267935 0.050000000000000044 0.076923
0 0.658515625 0.5590211844802343 0.05124999999999991 0.14165099999999992
