0 0.19046875 0.6591665555555556 0.11812500000000001 0.23888900000000005
0 0.063203125 0.5724302222222222 0.036250000000000004 0.03888899999999998
0 0.1834375 0.5811107777777778 0.04749999999999999 0.055555999999999967
0 0.2098828125 0.5649998888888889 0.04125000000000001 0.029999999999999954
0 0.32671875 0.6744448888888889 0.14937499999999998 0.28
0 0.3199609375 0.8166667777777779 0.10750000000000004 0.056666999999999926
0 0.4849609375 0.6913193333333333 0.23312500000000003 0.2611109999999999
0 0.4090234375 0.5768752222222222 0.030625000000000013 0.041110999999999995
0 0.4484375 0.5975003333333334 0.04749999999999999 0.04333299999999992
0 0.4800390625 0.622292 0.019374999999999976 0.03333300000000003
0 0.5549609375 0.5600689999999999 0.04625000000000001 0.03222300000000011
0 0.5990234375 0.6210417777777777 0.06125000000000003 0.02666700000000007
0 0.6012109375 0.5913192222222222 0.04625000000000001 0.041110999999999995
0 0.6357421875 0.7695138888888889 0.05437499999999995 0.060000000000000005
0 0.6506640625 0.5635412222222222 0.050000000000000044 0.041112000000000135
0 0.7190625 0.7800693333333333 0.078125 0.198889
0 0.7921875 0.5890972222222222 0.04874999999999996 0.041110999999999995
0 0.838203125 0.7468747777777778 0.1293749999999999 0.15222200000000008
0 0.825546875 0.5935412222222222 0.028124999999999956 0.038889000000000076
0 0.8485546875 0.5590972222222222 0.03875000000000006 0.0411109999999999
0 0.93203125 0.5442363333333333 0.10250000000000004 0.07333299999999997
0 0.9804296875 0.7440281111111111 0.03749999999999998 0.036666000000000115
