0 0.650625 0.6350174117647059 0.15812499999999996 0.4472689999999999
0 0.171640625 0.35281970588235295 0.14500000000000002 0.225988
0 0.24171875 0.4452555882352942 0.15 0.3032019999999999
0 0.19859375 0.22860017647058822 0.056249999999999994 0.15819200000000005
0 0.34574218749999996 0.041768941176470585 0.27249999999999996 0.06591399999999999
0 0.4666015625 0.6718681764705883 0.09749999999999998 0.40772099999999994
0 0.5049609374999999 0.6725652352941176 0.16999999999999998 0.4435029999999999
0 0.5190625 0.21470852941176471 0.04875000000000007 0.17043299999999997
0 0.5463671875 0.04870947058823529 0.08437499999999998 0.082862
0 0.5828515625 0.27078252941176467 0.09749999999999992 0.21845499999999998
0 0.6771484375 0.05800929411764706 0.12312500000000004 0.077213
0 0.87671875 0.08676470588235294 0.24375000000000002 0.1742
